-6.439294e-15
-3.246292e-13
-4.150014e-13
-3.668177e-13
-3.717027e-13
-3.785861e-13
-3.714806e-13
-3.692602e-13
-3.679279e-13
-3.654854e-13
-3.648193e-13
-3.697043e-13
-3.581579e-13
-3.612666e-13
-3.670397e-13
-3.608225e-13
-3.548273e-13
-3.537171e-13
-3.528289e-13
-3.488321e-13
-3.494982e-13
-3.606004e-13
-3.541611e-13
-3.455014e-13
-3.537171e-13
-3.472778e-13
-3.472778e-13
-3.455014e-13
-3.443912e-13
-3.410605e-13
-3.481659e-13
-3.472778e-13
-3.519407e-13
-3.483880e-13
-3.563816e-13
-3.455014e-13
-3.481659e-13
-3.479439e-13
-3.606004e-13
-3.477219e-13
-3.508305e-13
-3.514966e-13
-3.523848e-13
-3.590461e-13
-3.557155e-13
-3.514966e-13
-3.466116e-13
-3.488321e-13
-3.568257e-13
-3.590461e-13
-3.603784e-13
-3.561595e-13
-3.550493e-13
-3.621548e-13
-3.688161e-13
-3.637091e-13
-3.739231e-13
-3.617107e-13
-3.670397e-13
-3.672618e-13
-3.697043e-13
-3.701484e-13
-3.690381e-13
-3.734790e-13
-3.712586e-13
-3.705924e-13
-3.799183e-13
-3.723688e-13
-3.697043e-13
-3.725908e-13
-3.699263e-13
-3.734790e-13
-3.661516e-13
-3.466116e-13
-3.868017e-13
-5.007106e-13
-5.140333e-13
-2.373657e-13
8.115730e-14
-1.099121e-13
-7.929213e-13
-1.022959e-12
-3.832490e-13
-3.572698e-13
-1.822098e-12
-1.486367e-12
4.123590e-12
9.143575e-12
1.182388e-12
-1.767053e-11
-2.258238e-11
2.215783e-12
3.014977e-11
2.232659e-11
-8.318235e-12
-1.034639e-11
1.247236e-11
-1.019651e-11
-8.170331e-11
-7.679168e-11
7.460210e-11
2.087905e-10
1.088875e-10
-1.490816e-10
-2.455713e-10
-6.724554e-11
1.247317e-10
9.996481e-11
-5.179412e-12
3.354261e-11
1.227848e-10
2.357858e-11
-1.967602e-10
-2.249756e-10
6.594392e-12
2.062509e-10
1.542243e-10
-2.060441e-11
-9.069567e-11
-3.851053e-11
1.060441e-11
8.415824e-12
1.559419e-12
1.473399e-11
2.647682e-11
2.583522e-11
2.374179e-11
2.401390e-11
2.076073e-11
1.366474e-11
6.178169e-12
-2.334355e-12
-1.308553e-11
-2.340195e-11
-2.976419e-11
-3.041789e-11
-2.453127e-11
-1.242961e-11
3.279155e-12
1.866829e-11
3.003420e-11
3.460920e-11
3.134992e-11
2.167033e-11
9.002799e-12
-2.679634e-12
-1.021294e-11
-1.224532e-11
-9.566348e-12
-4.461098e-12
5.279110e-13
3.704814e-12
4.702350e-12
4.251044e-12
3.470890e-12
3.103295e-12
3.243072e-12
3.554712e-12
3.637646e-12
3.374523e-12
2.924994e-12
2.579492e-12
2.446932e-12
2.468026e-12
2.508549e-12
2.456368e-12
2.369105e-12
2.288059e-12
2.277845e-12
2.288059e-12
2.296718e-12
2.302603e-12
2.286615e-12
2.264078e-12
2.264855e-12
2.276734e-12
2.258416e-12
2.253753e-12
2.251199e-12
2.244094e-12
2.241651e-12
2.222889e-12
2.217782e-12
2.208012e-12
2.200795e-12
2.206568e-12
2.188139e-12
2.169154e-12
2.167710e-12
2.167933e-12
2.153167e-12
2.142508e-12
2.132294e-12
2.127964e-12
2.132738e-12
2.122080e-12
2.124412e-12
2.092992e-12
2.079226e-12
2.055245e-12
2.025491e-12
1.986411e-12
1.896372e-12
1.621259e-12
7.651657e-13
-1.604050e-12
-7.555956e-12
-2.139777e-11
-5.263234e-11
-1.225644e-10
-2.793046e-10
-6.301495e-10
-1.409453e-09
-3.117291e-09
-6.800531e-09
-1.461585e-08
-3.094623e-08
-6.458268e-08
-1.329165e-07
-2.698492e-07
-5.404490e-07
-1.067631e-06
-2.079903e-06
-3.995348e-06
-7.566769e-06
-1.412795e-05
-2.600357e-05
-4.717798e-05
-8.436442e-05
-1.486786e-04
-2.582019e-04
-4.418176e-04
-7.448180e-04
-1.236888e-03
-2.023164e-03
-3.259104e-03
-5.169811e-03
-8.074235e-03
-1.241416e-02
-1.878710e-02
-2.798110e-02
-4.100791e-02
-5.912923e-02
-8.386912e-02
-1.170041e-01
-1.605215e-01
-2.165387e-01
-2.871756e-01
-3.743813e-01
-4.797189e-01
-6.041251e-01
-7.476671e-01
-9.093308e-01
-1.086876e+00
-1.276801e+00
-1.474437e+00
-1.674198e+00
-1.869974e+00
-2.055629e+00
-2.225561e+00
-2.375232e+00
-2.501603e+00
-2.603392e+00
-2.681109e+00
-2.736871e+00
-2.774008e+00
-2.796542e+00
-2.808636e+00
-2.814088e+00
-2.815975e+00
-2.816469e+00
-2.816841e+00
-2.817619e+00
-2.818818e+00
-2.820202e+00
-2.821486e+00
-2.822473e+00
-2.823100e+00
-2.823416e+00
-2.823531e+00
-2.823560e+00
-2.823582e+00
-2.823632e+00
-2.823706e+00
-2.823783e+00
-2.823844e+00
-2.823882e+00
-2.823899e+00
-2.823904e+00
-2.823906e+00
-2.823911e+00
-2.823918e+00
-2.823925e+00
-2.823931e+00
-2.823935e+00
-2.823936e+00
-2.823937e+00
-2.823937e+00
-2.823938e+00
-2.823939e+00
-2.823940e+00
-2.823940e+00
-2.823941e+00
-2.823941e+00
-2.823941e+00
-2.823941e+00
-2.823941e+00
-2.823941e+00
-2.823941e+00
-2.823942e+00
-2.823942e+00
-2.823942e+00
-2.823942e+00
-2.823942e+00
-2.823942e+00
-2.823942e+00
-2.823942e+00
-2.823942e+00
-2.823942e+00
-2.823942e+00
-2.823942e+00
-2.823942e+00
