4.218847e-15
2.593481e-13
3.406164e-13
2.977618e-13
3.075318e-13
2.973177e-13
2.997602e-13
2.977618e-13
2.917666e-13
2.868816e-13
2.959855e-13
2.884359e-13
2.815526e-13
2.879919e-13
2.799982e-13
2.771117e-13
2.782219e-13
2.706724e-13
2.653433e-13
2.753353e-13
2.691181e-13
2.680078e-13
2.631229e-13
2.653433e-13
2.542411e-13
2.602363e-13
2.566836e-13
2.648992e-13
2.577938e-13
2.560174e-13
2.520206e-13
2.393641e-13
2.455813e-13
2.688960e-13
2.633449e-13
2.640110e-13
2.633449e-13
2.546852e-13
2.593481e-13
2.609024e-13
2.773337e-13
2.757794e-13
2.657874e-13
2.786660e-13
2.757794e-13
2.735590e-13
2.777778e-13
2.833289e-13
2.862155e-13
2.839950e-13
2.833289e-13
2.906564e-13
2.802203e-13
2.935430e-13
2.879919e-13
3.039791e-13
3.115286e-13
3.439471e-13
4.374279e-13
6.377121e-13
1.105560e-12
2.138512e-12
4.311218e-12
8.690826e-12
1.704858e-11
3.232037e-11
5.897438e-11
1.035090e-10
1.745439e-10
2.828362e-10
4.400391e-10
6.557319e-10
9.299463e-10
1.236223e-09
1.483506e-09
1.432446e-09
5.163452e-10
2.530753e-09
1.042363e-08
2.879050e-08
6.894260e-08
1.529381e-07
3.225265e-07
6.543905e-07
1.285145e-06
2.450699e-06
4.545531e-06
8.207752e-06
1.443465e-05
2.472987e-05
4.127654e-05
6.711950e-05
1.063255e-04
1.640730e-04
2.466085e-04
3.609984e-04
5.146132e-04
7.143126e-04
9.653549e-04
1.270136e-03
1.626950e-03
2.029026e-03
2.464137e-03
2.914995e-03
3.360521e-03
3.777880e-03
4.144945e-03
4.442692e-03
4.657021e-03
4.779616e-03
4.807767e-03
4.743426e-03
4.592035e-03
4.361748e-03
4.063477e-03
3.711733e-03
3.325704e-03
2.929597e-03
2.551209e-03
2.218161e-03
1.952122e-03
1.762449e-03
1.641489e-03
1.563860e-03
1.491105e-03
1.381357e-03
1.201642e-03
9.390115e-04
6.064939e-04
2.411967e-04
1.056058e-04
3.837211e-04
5.598308e-04
6.285162e-04
6.145955e-04
5.657396e-04
5.376908e-04
5.769942e-04
7.069873e-04
9.215669e-04
1.188463e-03
1.460459e-03
1.690424e-03
1.845052e-03
1.913063e-03
1.905850e-03
1.851275e-03
1.783447e-03
1.732280e-03
1.716133e-03
1.739311e-03
1.794299e-03
1.867069e-03
1.943101e-03
2.012035e-03
2.069745e-03
2.117815e-03
2.161234e-03
2.205553e-03
2.254595e-03
2.309365e-03
2.368213e-03
2.427877e-03
2.484838e-03
2.536443e-03
2.581507e-03
2.620326e-03
2.654257e-03
2.685103e-03
2.714533e-03
2.743681e-03
2.772991e-03
2.802278e-03
2.830931e-03
2.858171e-03
2.883287e-03
2.905792e-03
2.925482e-03
2.942420e-03
2.956857e-03
2.969140e-03
2.979624e-03
2.988619e-03
2.996368e-03
3.003048e-03
3.008797e-03
3.013735e-03
3.017980e-03
3.021656e-03
3.024881e-03
3.027765e-03
3.030392e-03
3.032815e-03
3.035057e-03
3.037121e-03
3.038995e-03
3.040667e-03
3.042134e-03
3.043405e-03
3.044503e-03
3.045461e-03
3.046315e-03
3.047102e-03
3.047850e-03
3.048584e-03
3.049317e-03
3.050058e-03
3.050812e-03
3.051580e-03
3.052363e-03
3.053165e-03
3.053987e-03
3.054831e-03
3.055698e-03
3.056589e-03
3.057504e-03
3.058441e-03
3.059403e-03
3.060395e-03
3.061431e-03
3.062543e-03
3.063792e-03
3.065293e-03
3.067262e-03
3.070089e-03
3.074475e-03
3.081651e-03
3.093750e-03
3.114402e-03
3.149668e-03
3.209502e-03
3.309957e-03
3.476460e-03
3.748527e-03
4.186391e-03
4.880040e-03
5.961195e-03
7.618619e-03
1.011688e-02
1.381829e-02
1.920706e-02
2.691388e-02
3.773788e-02
5.266167e-02
7.285419e-02
9.965509e-02
1.345347e-01
1.790243e-01
2.346144e-01
3.026213e-01
3.840302e-01
4.793256e-01
5.883311e-01
7.100800e-01
8.427439e-01
9.836417e-01
1.129346e+00
1.275888e+00
1.419055e+00
1.554739e+00
1.679312e+00
1.789946e+00
1.884869e+00
1.963472e+00
2.026284e+00
2.074795e+00
2.111177e+00
2.137942e+00
2.157600e+00
2.172380e+00
2.184047e+00
2.193838e+00
2.202500e+00
2.210399e+00
2.217668e+00
2.224335e+00
2.230419e+00
2.235979e+00
2.241119e+00
2.245959e+00
2.250602e+00
2.255107e+00
2.259480e+00
2.263685e+00
2.267659e+00
2.271337e+00
2.274667e+00
2.277621e+00
2.280195e+00
2.282412e+00
2.284310e+00
2.285946e+00
2.287384e+00
2.288689e+00
2.289923e+00
2.291143e+00
2.292387e+00
2.293680e+00
2.295025e+00
2.296407e+00
2.297799e+00
2.299169e+00
2.300486e+00
2.301727e+00
2.302884e+00
2.303960e+00
2.304968e+00
2.305928e+00
2.306860e+00
2.307778e+00
2.308684e+00
2.309569e+00
2.310420e+00
2.311219e+00
2.311953e+00
2.312619e+00
2.313215e+00
2.313751e+00
2.314235e+00
2.314678e+00
2.315089e+00
2.315479e+00
