   4.21884749357559e-15
   5.06372721531534e-13
   6.59805543534731e-13
   7.32858218555066e-13
   8.78519479385886e-13
   1.08246744900953e-12
   1.23245857963639e-12
   1.34103839144473e-12
   1.46549439250521e-12
   1.60782498426215e-12
   1.74960046450678e-12
   1.86384241374071e-12
   1.98674410256672e-12
   2.12829753820643e-12
   2.25652829755063e-12
   2.38509212380222e-12
   2.51432208386859e-12
   2.65087951589749e-12
   2.79365419686428e-12
   2.93287616415228e-12
   3.06310532494081e-12
   3.20976578649379e-12
   3.35742544876894e-12
   3.50930395853766e-12
   3.64719365819610e-12
   3.79374309744662e-12
   3.94140275972177e-12
   4.07007760827582e-12
   4.19830836762003e-12
   4.31676916434753e-12
   4.41291447828007e-12
   4.48452386336839e-12
   4.53503901098884e-12
   4.54680737504987e-12
   4.53037607428541e-12
   4.47453185614677e-12
   4.37694325228222e-12
   4.24082990946317e-12
   4.06041866796159e-12
   3.85824705517734e-12
   3.61821683725339e-12
   3.34865468687440e-12
   3.05522274146597e-12
   2.75512945790979e-12
   2.42950104478723e-12
   2.08533190715343e-12
   1.73716596663098e-12
   1.35857991523380e-12
   9.81659198373563e-13
   5.88196158446408e-13
   1.96287430753728e-13
   2.07389660999979e-13
   6.49258424800792e-13
   1.09623421451488e-12
   1.55297996684567e-12
   2.03770333939701e-12
   2.54107845876206e-12
   3.07220915374273e-12
   3.61288776673518e-12
   4.18687307046639e-12
   4.78617145915905e-12
   5.41677813714614e-12
   6.10178574333986e-12
   6.88604728793507e-12
   7.89479592810949e-12
   9.44111455680741e-12
   1.22948318193039e-11
   1.83997261871127e-11
   3.23479021346884e-11
   6.49309495059924e-11
   1.40637501644392e-10
   3.13985282218709e-10
   7.03304525728754e-10
   1.55929158474066e-09
   3.40073103011207e-09
   7.27637372577306e-09
   1.52571737466189e-08
   3.13391583794953e-08
   6.30570118342888e-08
   1.24295092440718e-07
   2.40059667255821e-07
   4.54370723712572e-07
   8.42969921643899e-07
   1.53323493501389e-06
   2.73452747578951e-06
   4.78312762131061e-06
   8.20679820456860e-06
   1.38146778332349e-05
   2.28183160988493e-05
   3.69888543318986e-05
   5.88531753975552e-05
   9.19278802271606e-05
   1.40983921117721e-04
   2.12326661426676e-04
   3.14066543025904e-04
   4.56345555572391e-04
   6.51476115318683e-04
   9.13944126051947e-04
   1.26022947615656e-03
   1.70840721674903e-03
   2.27751226249606e-03
   2.98667891150295e-03
   3.85410068972303e-03
   4.89589052067396e-03
   6.12494881199233e-03
   7.54996024761057e-03
   9.17463303210386e-03
   1.09972649673680e-02
   1.30106722965668e-02
   1.52024587083726e-02
   1.75555466555297e-02
   2.00488559749932e-02
   2.26580076432334e-02
   2.53559582797385e-02
   2.81135289049967e-02
   3.08998648388892e-02
   3.36829311275995e-02
   3.64301870481105e-02
   3.91095771837089e-02
   4.16909197204123e-02
   4.41476735636177e-02
   4.64589462334943e-02
   4.86114939443798e-02
   5.06013940441621e-02
   5.24350609503448e-02
   5.41293392656499e-02
   5.57105351103488e-02
   5.72124171186112e-02
   5.86733998148090e-02
   6.01332781039299e-02
   6.16299794508657e-02
   6.31968166454449e-02
   6.48606499526545e-02
   6.66412111660675e-02
   6.85516289871662e-02
   7.05999646161239e-02
   7.27913653463670e-02
   7.51303173363671e-02
   7.76224590196339e-02
   8.02755140777607e-02
   8.30991004623178e-02
   8.61034268840222e-02
   8.92971414688064e-02
   9.26847885757267e-02
   9.62644138637754e-02
   1.00025817140630e-01
   1.03949802332713e-01
   1.08008556586757e-01
   1.12167062991502e-01
   1.16385268261129e-01
   1.20620625155013e-01
   1.24830620883347e-01
   1.28974973364359e-01
   1.33017295652100e-01
   1.36926158264360e-01
   1.40675588275571e-01
   1.44245114506269e-01
   1.47619496146320e-01
   1.50788265536257e-01
   1.53745188448105e-01
   1.56487711116803e-01
   1.59016432744929e-01
   1.61334620315719e-01
   1.63447769903541e-01
   1.65363213173608e-01
   1.67089766390744e-01
   1.68637419408160e-01
   1.70017062262517e-01
   1.71240246772296e-01
   1.72318980130319e-01
   1.73265547166133e-01
   1.74092357811883e-01
   1.74811816305745e-01
   1.75436208727581e-01
   1.75977605432971e-01
   1.76447774720230e-01
   1.76858103707343e-01
   1.77219522153947e-01
   1.77542425108224e-01
   1.77836591006002e-01
   1.78111093405236e-01
   1.78374206950056e-01
   1.78633311092328e-01
   1.78894797918792e-01
   1.79163992496153e-01
   1.79445094960090e-01
   1.79741152741225e-01
   1.80054068745132e-01
   1.80384647532534e-01
   1.80732677705499e-01
   1.81097045958007e-01
   1.81475877328934e-01
   1.81866697218717e-01
   1.82266613026079e-01
   1.82672515273888e-01
   1.83081297865732e-01
   1.83490093259283e-01
   1.83896510879964e-01
   1.84298857806499e-01
   1.84696312914326e-01
   1.85089023152093e-01
   1.85478096429005e-01
   1.85865480280809e-01
   1.86253736475004e-01
   1.86645743675742e-01
   1.87044376671037e-01
   1.87452216008243e-01
   1.87871333954575e-01
   1.88303183526491e-01
   1.88748592627597e-01
   1.89207842516526e-01
   1.89680795350816e-01
   1.90167032631873e-01
   1.90665974090851e-01
   1.91176960621492e-01
   1.91699299625538e-01
   1.92232281819372e-01
   1.92775182875241e-01
   1.93327261761053e-01
   1.93887762789165e-01
   1.94455923176263e-01
   1.95030984524423e-01
   1.95612205713702e-01
   1.96198875595094e-01
   1.96790325429634e-01
   1.97385942335762e-01
   1.97985185703375e-01
   1.98587608632641e-01
   1.99192886221459e-01
   1.99800852320658e-01
   2.00411546397786e-01
   2.01025272131538e-01
   2.01642668765931e-01
   2.02264794846213e-01
   2.02893222003110e-01
   2.03530134120071e-01
   2.04178424135895e-01
   2.04841776680381e-01
   2.05524720639473e-01
   2.06232633316114e-01
   2.06971678170212e-01
   2.07748661389266e-01
   2.08570799416203e-01
   2.09445401413460e-01
   2.10379487271627e-01
   2.11379379668216e-01
   2.12450322876986e-01
   2.13596188201580e-01
   2.14819324234979e-01
   2.16120597054706e-01
   2.17499638839451e-01
   2.18955286364039e-01
   2.20486153093815e-01
   2.22091250989109e-01
   2.23770566887770e-01
   2.25525505382039e-01
   2.27359135555650e-01
   2.29276219263802e-01
   2.31283043238901e-01
   2.33387111416662e-01
   2.35596766862399e-01
   2.37920802756149e-01
   2.40368094144088e-01
   2.42947245779217e-01
   2.45666219418229e-01
   2.48531890644331e-01
   2.51549498687765e-01
   2.54721989296566e-01
   2.58049297997893e-01
   2.61527664411837e-01
   2.65149095045925e-01
   2.68901093375820e-01
   2.72766749347773e-01
   2.76725231171330e-01
   2.80752662012553e-01
   2.84823305702954e-01
   2.88910938979245e-01
   2.92990259620833e-01
   2.97038173338370e-01
   3.01034817179394e-01
   3.04964210408549e-01
   3.08814470597573e-01
   3.12577588227468e-01
   3.16248812429518e-01
   3.19825756514993e-01
   3.23307374667595e-01
   3.26692979979051e-01
   3.29981461896997e-01
   3.33170817505803e-01
   3.36258042364481e-01
   3.39239346874178e-01
   3.42110593665782e-01
   3.44867811196527e-01
   3.47507641439933e-01
   3.50027624335826e-01
   3.52426294106124e-01
   3.54703138560377e-01
   3.56858524807064e-01
   3.58893702467735e-01
   3.60810953808568e-01
   3.62613883776681e-01
   3.64307760196213e-01
   3.65899757299584e-01
   3.67398949100386e-01
   3.68815951105592e-01
   3.70162206529492e-01
   3.71449025863034e-01
   3.72686579352716e-01
   3.73883080180852e-01
   3.75044367229863e-01
   3.76174005517326e-01
   3.77273893834571e-01
   3.78345238972507e-01
   3.79389661168499e-01
   3.80410162586143e-01
   3.81411728473811e-01
   3.82401428090096e-01
   3.83388011720950e-01
   3.84381124136183e-01
   3.85390338347840e-01
   3.86424234038859e-01
   3.87489700089585e-01
