   6.43929354282591e-15
   2.22044604925031e-16
   1.19904086659517e-14
   1.99840144432528e-15
   1.99840144432528e-15
   9.32587340685131e-15
   9.76996261670138e-15
   7.77156117237610e-15
   6.88338275267597e-15
   7.32747196252603e-15
   5.55111512312578e-15
   1.17683640610267e-14
   2.44249065417534e-15
   9.76996261670138e-15
   9.32587340685131e-15
   5.77315972805081e-15
   3.77475828372553e-15
   3.10862446895044e-15
   3.33066907387547e-15
   6.66133814775094e-16
   8.88178419700125e-16
   1.11022302462516e-14
   3.33066907387547e-15
   2.88657986402541e-15
   9.76996261670138e-15
   4.44089209850063e-15
   7.32747196252603e-15
   4.44089209850063e-15
   3.33066907387547e-15
   0.00000000000000e+00
   6.21724893790088e-15
   1.33226762955019e-15
   8.88178419700125e-15
   8.43769498715119e-15
   5.10702591327572e-15
   4.44089209850063e-16
   6.66133814775094e-16
   0.00000000000000e+00
   1.39888101102770e-14
   2.44249065417534e-15
   3.10862446895044e-15
   7.10542735760100e-15
   7.77156117237610e-15
   3.77475828372553e-15
   2.22044604925031e-15
   7.32747196252603e-15
   0.00000000000000e+00
   1.11022302462516e-15
   5.77315972805081e-15
   3.99680288865056e-15
   5.32907051820075e-15
   4.21884749357559e-15
   1.55431223447522e-15
   6.66133814775094e-16
   5.10702591327572e-15
   7.77156117237610e-15
   0.00000000000000e+00
   1.55431223447522e-15
   7.10542735760100e-15
   5.10702591327572e-15
   2.44249065417534e-15
   0.00000000000000e+00
   7.10542735760100e-15
   1.77635683940025e-14
   7.54951656745106e-15
   4.44089209850063e-15
   8.43769498715119e-15
   5.99520433297585e-15
   1.06581410364015e-14
   8.21565038222616e-15
   9.76996261670138e-15
   1.22124532708767e-14
   1.39888101102770e-14
   1.13242748511766e-14
   7.99360577730113e-15
   1.53210777398272e-14
   1.02140518265514e-14
   1.26565424807268e-14
   1.15463194561016e-14
   1.17683640610267e-14
   7.32747196252603e-15
   6.43929354282591e-15
   9.54791801177635e-15
   5.32907051820075e-15
   1.26565424807268e-14
   1.75415237890775e-14
   5.10702591327572e-15
   1.46549439250521e-14
   1.79856129989275e-14
   4.44089209850063e-15
   1.44328993201270e-14
   1.28785870856518e-14
   1.08801856413265e-14
   1.04360964314765e-14
   1.26565424807268e-14
   9.32587340685131e-15
   3.99680288865056e-15
   1.77635683940025e-15
   6.43929354282591e-15
   1.78745906964650e-14
   3.18634008067420e-14
   4.91828799908944e-14
   7.94919685631612e-14
   1.20459198171829e-13
   1.66977542903624e-13
   2.28927987677707e-13
   3.04201108747293e-13
   3.93907129137006e-13
   4.85278484063656e-13
   5.61772850460329e-13
   6.05293593025635e-13
   5.51336754028853e-13
   3.37174732578660e-13
   1.72084568816899e-13
   1.13997700168511e-12
   2.81641376886910e-12
   5.53890266985491e-12
   9.75219904830738e-12
   1.60298441187479e-11
   2.51174636645146e-11
   3.79345443946022e-11
   5.56052981437460e-11
   7.95175036927276e-11
   1.11346709630311e-10
   1.53097090560550e-10
   2.07232009330482e-10
   2.76676237476181e-10
   3.65000474289445e-10
   4.76527928228165e-10
   6.16475537285055e-10
   7.91189558313476e-10
   1.00829122828827e-09
   1.27696719864900e-09
   1.60821289618696e-09
   2.01514382958123e-09
   2.51335285916809e-09
   3.12123948909004e-09
   3.86052390055625e-09
   4.75669659216749e-09
   5.83956061284141e-09
   7.14388015410350e-09
   8.71008265512785e-09
   1.05849700116067e-08
   1.28226209650251e-08
   1.54853356804097e-08
   1.86446351690961e-08
   2.23823888312324e-08
   2.67920581276115e-08
   3.19800661507941e-08
   3.80671909550045e-08
   4.51902029130480e-08
   5.35035276083562e-08
   6.31810754825324e-08
   7.44182082623723e-08
   8.74338337286673e-08
   1.02472611063220e-07
   1.19807333165411e-07
   1.39741495264190e-07
   1.62611821341585e-07
   1.88791171584768e-07
   2.18691452946729e-07
   2.52766677144578e-07
   2.91516188077878e-07
   3.35488052449762e-07
   3.85282462600500e-07
   4.41555437991070e-07
   5.05022547114820e-07
   5.76462697798874e-07
   6.56722185521375e-07
   7.46718703537042e-07
   8.47445510432365e-07
   9.59975712033767e-07
   1.08546651289565e-06
   1.22516362810465e-06
   1.38040572728038e-06
   1.55262884193874e-06
   1.74337095004695e-06
   1.95427638116641e-06
   2.18710042299008e-06
   2.44371369895191e-06
   2.72610681339991e-06
   3.03639445942139e-06
   3.37682017281793e-06
   3.74976033645780e-06
   4.15772847173201e-06
   4.60337935770383e-06
   5.08951305544514e-06
   5.61907863994016e-06
   6.19517805833247e-06
   6.82106960714357e-06
   7.50017128670066e-06
   8.23606410738087e-06
   9.03249504702330e-06
   9.89337974943716e-06
   1.08228053203874e-05
   1.18250324503411e-05
   1.29044977232873e-05
   1.40658152936179e-05
   1.53137786351731e-05
   1.66533618415343e-05
   1.80897206885078e-05
   1.96281934623510e-05
   2.12743014216255e-05
   2.30337490538801e-05
   2.49124240692122e-05
   2.69163969390807e-05
   2.90519203980377e-05
   3.13254283903497e-05
   3.37435348962689e-05
   3.63130324181338e-05
   3.90408901553840e-05
   4.19342518951371e-05
   4.50004336642884e-05
   4.82469210849601e-05
   5.16813663553606e-05
   5.53115851302799e-05
   5.91455530201124e-05
   6.31914018742741e-05
   6.74574157799590e-05
   7.19520268321894e-05
   7.66838108008372e-05
   8.16614821894657e-05
   8.68938895559612e-05
   9.23900101346131e-05
   9.81589444943864e-05
   1.04209910513298e-04
   1.10552237268413e-04
   1.17195357787425e-04
   1.24148800771717e-04
   1.31422180315921e-04
   1.39025182384955e-04
   1.46967545705756e-04
   1.55259033882693e-04
   1.63909392909778e-04
   1.72928286341412e-04
   1.82325194724164e-04
   1.92109262107332e-04
   2.02289063358396e-04
   2.12872257394858e-04
   2.23865080713592e-04
   2.35271622202049e-04
   2.47092810356397e-04
   2.59325033027169e-04
   2.71958310128939e-04
   2.84973946569345e-04
   2.98341620606157e-04
   3.12015910578722e-04
   3.25932341439517e-04
   3.40003136718892e-04
   3.54112994837674e-04
   3.68115355209753e-04
   3.81829761359809e-04
   3.95041035971877e-04
   4.07501020329271e-04
   4.18933559436674e-04
   4.29043203677981e-04
   4.37527731261156e-04
   4.44094090048974e-04
   4.48476756191862e-04
   4.50456902091778e-04
   4.49880271573999e-04
   4.46671406517440e-04
   4.40841967443983e-04
   4.32491407434510e-04
   4.21799174937565e-04
   4.09008828035295e-04
   3.94405739539971e-04
   3.78291199510050e-04
   3.60956421813885e-04
   3.42660038154863e-04
   3.23612051905231e-04
   3.03966019608248e-04
   2.83819680576114e-04
   2.63222710880751e-04
   2.42189101711254e-04
   2.20711111258654e-04
   1.98771926654961e-04
   1.76354981607174e-04
   1.53449047828769e-04
   1.30049399935439e-04
   1.06156223147469e-04
   8.17718011021373e-05
   5.68978706261269e-05
   3.15340159346977e-05
   5.67733193501674e-06
   2.06769388331196e-05
   4.75343551158414e-05
   7.49003454200148e-05
   1.02779708949008e-04
   1.31176582520265e-04
   1.60094703980929e-04
   1.89537735073242e-04
   2.19509466341306e-04
   2.50013845193187e-04
   2.81054875336362e-04
   3.12636482321049e-04
   3.44762424199341e-04
   3.77436274759835e-04
   4.10661458717154e-04
   4.44441298355636e-04
   4.78779039126742e-04
   5.13677846485927e-04
   5.49140785550017e-04
   5.85170801526536e-04
   6.21770712073921e-04
   6.58943210967378e-04
   6.96690876195616e-04
   7.35016174886804e-04
   7.73921462845051e-04
   8.13408980683938e-04
   8.53480850342203e-04
   8.94139074067435e-04
   9.35385535643207e-04
   9.77222002135014e-04
   1.01965012477467e-03
   1.06267143893934e-03
   1.10628736373763e-03
   1.15049920209653e-03
   1.19530814136237e-03
   1.24071525417724e-03
   1.28672149914355e-03
   1.33332772139216e-03
